
Time = 2015-04-01T07:23:44.000Z 
Longitude = -86.934995868 
Latitude = 40.445699873 


Time = 2015-04-01T07:30:23.000Z 
Longitude = -86.935054089 
Latitude = 40.445714122 


Time = 2015-04-01T07:31:23.000Z 
Longitude = -86.935054089 
Latitude = 40.445714122 


Time = 2015-04-01T07:32:24.000Z 
Longitude = -86.935041688 
Latitude = 40.445699084 

