
Time = 2015-03-30T01:47:24.000Z 
Longitude = -86.9349904 
Latitude = 40.445689197 

