
Time = 2015-07-17T00:57:00.000Z 
Longitude = -86.935028657 
Latitude = 40.44577897 

