
Time = 2015-03-30T01:49:45.000Z 
Longitude = -86.935038111 
Latitude = 40.44567776 

