
Time = 2015-04-10T06:47:14.000Z 
Longitude = -86.935027601 
Latitude = 40.445638368 


Time = 2015-04-10T06:47:25.000Z 
Longitude = -86.935026971 
Latitude = 40.445644201 

