
Time = 2015-03-29T05:14:28.000Z 
Longitude = -86.935082041 
Latitude = 40.445694471 


Time = 2015-03-29T05:14:33.000Z 
Longitude = -86.935082041 
Latitude = 40.445694471 


Time = 2015-03-29T05:14:38.000Z 
Longitude = -86.935082041 
Latitude = 40.445694471 


Time = 2015-03-29T05:14:42.000Z 
Longitude = -86.935082041 
Latitude = 40.445694471 

