
Time = 2015-04-01T07:48:21.000Z 
Longitude = -86.935098649 
Latitude = 40.445670174 


Time = 2015-04-01T07:48:24.000Z 
Longitude = -86.935098649 
Latitude = 40.445670174 

