
Time = 2015-04-29T07:13:44.000Z 
Longitude = -86.935062912 
Latitude = 40.445666718 

