
Time = 2015-07-17T00:57:00.000Z 
Longitude = -86.935028657 
Latitude = 40.44577897 


Time = 2015-07-17T00:57:10.000Z 
Longitude = -86.935062708 
Latitude = 40.445750455 


Time = 2015-07-17T00:57:21.000Z 
Longitude = -86.935086879 
Latitude = 40.445710981 

