
Time = 2015-04-10T05:40:47.000Z 
Longitude = -86.935070901 
Latitude = 40.445674619 

