
Time = 2015-03-29T06:16:58.000Z 
Longitude = -86.935072791 
Latitude = 40.445677677 


Time = 2015-03-29T06:16:58.000Z 
Longitude = -86.935072791 
Latitude = 40.445677677 

