
Time = 2015-04-10T07:06:44.000Z 
Longitude = -86.935065229 
Latitude = 40.445740827 


Time = 2015-04-10T07:06:55.000Z 
Longitude = -86.935065229 
Latitude = 40.445740827 


Time = 2015-04-10T07:07:05.000Z 
Longitude = -86.935065229 
Latitude = 40.445740827 

